world: 49ed2312-cc54-42c0-8563-4ea965ed4407
world-name: world
x: 1340.6257308067266
y: 56.0
z: -273.0482736111903
yaw: -179.00146484375
pitch: 0.3419759273529053
name: crates
lastowner: 4975f080-e49b-45c7-8166-4e3c10345f65
