world: 49ed2312-cc54-42c0-8563-4ea965ed4407
world-name: world
x: 1236.6377691533644
y: 62.0
z: -352.23958325023455
yaw: 134.73455810546875
pitch: -10.792431831359863
name: information
lastowner: 4975f080-e49b-45c7-8166-4e3c10345f65
